0 1400
1 1337
2 1304
3 1276
4 1251
5 1226
6 1208
7 1190
8 1177
9 1157
10 1144
11 1129
12 1110
13 1095
14 1084
15 1079
16 1065
17 1060
18 1046
19 1030
20 1018
21 1002
22 986
23 973
24 954
25 947
26 936
27 927
28 920
29 911
30 901
31 893
32 887
33 877
34 871
35 859
36 846
37 839
38 830
39 823
40 813
41 805
42 802
43 794
44 784
45 776
46 770
47 763
48 748
49 741
50 734
51 731
52 724
53 717
54 708
55 699
56 694
57 680
58 674
59 672
60 662
61 655
62 648
63 640
64 633
65 623
66 613
67 607
68 605
69 598
70 587
71 580
72 577
73 571
74 568
75 560
76 556
77 552
78 544
79 538
80 528
81 526
82 521
83 518
84 509
85 506
86 500
87 490
88 484
89 474
90 467
91 464
92 458
93 453
94 446
95 444
96 438
97 436
98 430
99 421
100 419
101 415
102 409
103 408
104 405
105 402
106 397
107 394
108 388
109 384
110 381
111 378
112 376
113 372
114 368
115 365
116 361
117 358
118 355
119 350
120 346
121 343
122 340
123 333
124 329
125 325
126 324
127 317
128 314
129 310
130 308
131 305
132 300
133 298
134 296
135 296
136 292
137 287
138 285
139 283
140 280
141 276
142 273
143 270
144 266
145 264
146 260
147 259
148 256
149 251
150 251
151 250
152 249
153 248
154 245
155 244
156 242
157 242
158 238
159 233
160 231
161 228
162 227
163 227
164 226
165 225
166 223
167 222
168 220
169 219
170 216
171 215
172 214
173 214
174 213
175 213
176 210
177 208
178 203
179 202
180 199
181 199
182 199
183 198
184 197
185 197
186 194
187 192
188 188
189 187
190 186
191 185
192 182
193 182
194 179
195 178
196 176
197 174
198 173
199 168
200 166
201 164
202 163
203 159
204 157
205 157
206 157
207 154
208 151
209 150
210 148
211 147
212 146
213 146
214 146
215 144
216 143
217 141
218 141
219 141
220 139
221 136
222 135
223 133
224 130
225 130
226 130
227 130
228 129
229 127
230 124
231 123
232 122
233 122
234 122
235 122
236 121
237 120
238 117
239 116
240 115
241 115
242 113
243 111
244 111
245 111
246 110
247 110
248 109
249 109
250 108
251 108
252 107
253 107
254 107
255 106
256 106
257 106
258 106
259 105
260 104
261 103
262 102
263 101
264 101
265 100
266 100
267 100
268 100
269 100
270 99
271 99
272 98
273 98
274 97
275 96
276 94
277 94
278 94
279 92
280 92
281 92
282 91
283 91
284 91
285 91
286 91
287 91
288 91
289 90
290 90
291 90
292 90
293 90
294 89
295 89
296 89
297 88
298 88
299 88
300 88
301 87
302 87
303 87
304 85
305 85
306 85
307 84
308 84
309 84
310 84
311 84
312 83
313 83
314 83
315 83
316 83
317 83
318 83
319 83
320 83
321 82
322 81
323 81
324 81
325 81
326 81
327 81
328 81
329 81
330 81
331 81
332 81
333 81
334 81
335 81
336 80
337 80
338 80
339 80
340 80
341 80
342 80
343 80
344 80
345 80
346 80
347 80
348 80
349 80
350 80
351 80
352 80
353 80
354 80
355 80
356 80
357 80
358 80
359 80
360 80
361 80
362 79
363 79
364 78
365 78
366 77
367 77
368 77
369 77
370 77
371 76
372 76
373 76
374 76
375 76
376 76
377 76
378 76
379 76
380 76
381 76
382 76
383 76
384 76
385 76
386 76
387 76
388 76
389 76
390 76
391 76
392 75
393 74
394 74
395 73
396 72
397 72
398 72
399 71
400 71
401 71
402 71
403 71
404 71
405 70
406 70
407 69
408 69
409 69
410 69
411 69
412 69
413 69
414 69
415 69
416 69
417 69
418 68
419 68
420 67
421 67
422 67
423 67
424 67
425 67
426 67
427 67
428 67
429 67
430 67
431 67
432 67
433 67
434 67
435 67
436 67
437 67
438 67
439 67
440 67
441 67
442 67
443 67
444 67
445 67
446 67
447 67
448 66
449 66
450 66
451 66
452 66
453 66
454 66
455 66
456 66
457 66
458 66
459 66
460 66
461 66
462 66
463 66
464 66
465 66
466 66
467 66
468 66
469 66
470 66
471 66
472 66
473 66
474 66
475 66
476 66
477 66
478 66
479 66
480 66
481 66
482 66
483 66
484 66
485 66
486 66
487 66
488 66
489 66
490 66
491 66
492 66
493 66
494 66
495 65
496 65
497 65
498 65
499 65
500 65
501 65
502 65
503 65
504 65
505 65
506 65
507 65
508 65
509 65
510 65
511 65
512 65
513 65
514 65
515 65
516 65
517 64
518 64
519 64
520 64
521 64
522 64
523 64
524 64
525 64
526 64
527 64
528 64
529 64
530 63
531 63
532 63
533 63
534 63
535 63
536 63
537 63
538 63
539 63
540 63
541 63
542 63
543 63
544 63
545 63
546 63
547 63
548 63
549 63
550 63
551 63
552 63
553 63
554 63
555 63
556 63
557 63
558 63
559 63
560 63
561 63
562 63
563 63
564 63
565 63
566 63
567 63
568 63
569 63
570 63
571 63
572 63
573 63
574 63
575 63
576 63
577 63
578 63
579 63
580 63
581 63
582 63
583 63
584 63
585 63
586 63
587 63
588 63
589 63
590 63
591 63
592 63
593 63
594 63
595 63
596 63
597 63
598 63
599 63
600 63
601 63
602 63
603 63
604 63
605 63
606 63
607 63
608 63
609 63
610 63
611 63
612 63
613 63
614 63
615 63
616 63
617 63
618 63
619 63
620 63
621 63
622 63
623 63
624 63
625 63
626 63
627 63
628 63
629 63
630 63
